MB46 0 1907862304290476521 1
MB46 0 1907861966615621645 1
MB46 0 1907861892552687663 1
MB46 0 1907861802538414584 1
MB46 0 1907861695151878498 1
MB46 0 1907861673764876663 1
MB46 0 1907861452918329546 1
MB46 0 1907860851777843293 1
MB46 0 1907860747700564034 1
MB46 0 1907860738355462236 1
MB46 0 1907860617052209382 1
MB46 0 1907860505089167754 1
MB46 0 1907860500815172033 1
MB46 0 1907860410272985334 1
MB46 0 1907860362847818189 1
MB46 0 1907860182438138024 1
MB46 0 1907858925933797540 1
MB46 0 1907858409069883516 1
MB46 0 1907857908517286266 1
MB46 0 1907857482023575866 1
MB46 0 1907857449794818050 1
MB46 0 1907856870401835434 1
MB46 0 1907856502120952214 1
MB46 0 1907856485029208335 1
MB46 0 1907856469212672517 1
MB46 0 1907856198847631660 1
MB46 0 1907855820080976325 1
MB46 0 1907855600102551716 1
MB46 0 1907855551448350740 1
MB46 0 1907855408703688823 1
MB46 0 1907855361685520788 0
MB46 0 1907855184006447174 0
MB46 0 1907855045309223406 0
MB46 0 1907854878061351122 0
MB46 0 1907854152597647727 0
MB46 0 1907853372562018491 0
MB46 0 1907853244564717991 0
MB46 0 1907853216974549184 0
MB46 0 1907853202071908747 0
MB46 0 1907853188180451537 0
MB46 0 1907853057846612400 0
MB46 0 1907852955400720881 0
MB46 0 1907852861133766870 0
MB46 0 1907852724684652867 0
MB46 0 1907852620435468697 0
MB46 0 1907852511350034797 0
MB46 0 1907852384941871411 0
MB46 0 1907852313068278039 0
MB46 0 1907852203286503640 0
MB46 0 1907852038723002663 0
MB46 0 1907851886075457740 0
MB46 0 1907851791158358203 0
MB46 0 1907851744589070587 0
MB46 0 1907851652134220202 0
MB46 0 1907851602871959570 0
MB46 0 1907851520986521871 0
MB46 0 1907851402052804723 0
MB46 0 1907851324982460645 0
MB46 0 1907851115430809717 0
MB46 0 1907851028357087335 0
MB46 0 1907850784529686629 0
MB46 0 1907850667106119973 0
MB46 0 1907850166633197639 0
MB46 0 1907849724515737902 0
MB46 0 1907849535130661341 0
MB46 0 1907849198436823295 0
MB46 0 1907849053032849828 0
MB46 0 1907848973643051025 0
MB46 0 1907848628527378834 0
MB46 0 1907848271113879699 0
MB46 0 1907848068461908282 0
MB46 0 1907847727704154352 0
MB46 0 1907846823202390277 0
MB46 0 1907846679635890560 0
MB46 0 1907846606457552939 0
MB46 0 1907846363808772255 0
MB46 0 1907846296611783119 0
MB46 0 1907845706385174831 0
MB46 0 1907844540863578331 0
MB46 0 1907844522920620467 0
MB46 0 1907844386538295452 0
MB46 0 1907844132883620207 0
MB46 0 1907843622097080439 0
MB46 0 1907843489314050421 0
MB46 0 1907843451703406726 0
MB46 0 1907843423702483379 0
MB46 0 1907843416400224493 0
MB46 0 1907843323261272561 0
MB46 0 1907843221364908374 0
MB46 0 1907843062425928065 0
MB46 0 1907842651434651667 0
MB46 0 1907842617196658949 0
MB46 0 1907842422572265819 0
MB46 0 1907842419594334321 0
MB46 0 1907841036321247675 0
MB46 0 1907840941240590840 0
MB46 0 1907840737405997302 0
MB46 0 1907840680774242591 0
MB46 0 1907840675095122262 0
MB46 0 1907840671198884170 0