MB48 0 1907873153180905979 1
MB48 0 1907871874316398919 1
MB48 0 1907871442554737123 1
MB48 0 1907871196240359821 1
MB48 0 1907870772179165687 1
MB48 0 1907870492700332512 1
MB48 0 1907870491991306399 1
MB48 0 1907870241545191722 1
MB48 0 1907869114766602311 1
MB48 0 1907868689866830210 1
MB48 0 1907868549227622421 1
MB48 0 1907865573389697128 1
MB48 0 1907865382422987149 1
MB48 0 1907865317004505423 1
MB48 0 1907864880729759973 1
MB48 0 1907864736714076585 1
MB48 0 1907864570288549899 1
MB48 0 1907860986377142388 1
MB48 0 1907860851354218829 1
MB48 0 1907860152843157934 1
MB48 0 1907859978716852666 1
MB48 0 1907859298610446446 1
MB48 0 1907859189092987206 1
MB48 0 1907858559498350902 1
MB48 0 1907858474589106369 1
MB48 0 1907857981632590071 1
MB48 0 1907857873050460555 1
MB48 0 1907857105677332832 1
MB48 0 1907856503211700338 1
MB48 0 1907856403173355805 1
MB48 0 1907856021969858596 0
MB48 0 1907855745304899915 0
MB48 0 1907855587477524858 0
MB48 0 1907854707004977453 0
MB48 0 1907854140258083022 0
MB48 0 1907853768428777514 0
MB48 0 1907853662921044371 0
MB48 0 1907853228840202571 0
MB48 0 1907852974329606439 0
MB48 0 1907852308320280827 0
MB48 0 1907851480456925231 0
MB48 0 1907851374001533039 0
MB48 0 1907851337892770248 0
MB48 0 1907849724515737902 0
MB48 0 1907849196335435818 0
MB48 0 1907848809188577677 0
MB48 0 1907848628527378834 0
MB48 0 1907848564249690228 0
MB48 0 1907846358628712849 0
MB48 0 1907845572561617275 0
MB48 0 1907845551531364467 0
MB48 0 1907845546586349970 0
MB48 0 1907845461131907282 0
MB48 0 1907845337638908031 0
MB48 0 1907844986239926647 0
MB48 0 1907844844409467384 0
MB48 0 1907843995255865593 0
MB48 0 1907843937920012363 0
MB48 0 1907843307289387426 0
MB48 0 1907842664159916095 0
MB48 0 1907842200643285076 0
MB48 0 1907841159025643776 0
MB48 0 1907840157862015470 0
MB48 0 1907840124525715640 0
MB48 0 1907839392397308319 0
MB48 0 1907839221613609228 0
MB48 0 1907837906611314717 0
MB48 0 1907837677971337425 0
MB48 0 1907837534455185649 0
MB48 0 1907837160293650737 0
MB48 0 1907837041112494127 0
MB48 0 1907836867501785225 0
MB48 0 1907836730939478279 0
MB48 0 1907836392320733386 0
MB48 0 1907835079587496121 0
MB48 0 1907834959332606351 0
MB48 0 1907834695422705805 0
MB48 0 1907834232832954464 0
MB48 0 1907834135676072186 0
MB48 0 1907833857170157765 0
MB48 0 1907833324913262790 0
MB48 0 1907832423372443682 0
MB48 0 1907832404175376836 0
MB48 0 1907830457904845143 0
MB48 0 1907830285187559826 0
MB48 0 1907830034792067342 0
MB48 0 1907829806353568009 0
MB48 0 1907827887530561676 0
MB48 0 1907825071395107264 0
MB48 0 1907822087013630051 0
MB48 0 1907820478858727893 0
MB48 0 1907820279856070673 0
MB48 0 1907820261165920494 0
MB48 0 1907818999733215724 0
MB48 0 1907818341546238008 0
MB48 0 1907817953858404423 0
MB48 0 1907813083235401924 0
MB48 0 1907812956357706059 0
MB48 0 1907812885142647214 0
MB48 0 1907812767249347048 0