MB46 0 1907862304290476521 1
MB46 0 1907861966615621645 1
MB46 0 1907861892552687663 1
MB46 0 1907861802538414584 1
MB46 0 1907861695151878498 1
MB46 0 1907861673764876663 1
MB46 0 1907861452918329546 1
MB46 0 1907860851777843293 1
MB46 0 1907860747700564034 1
MB46 0 1907860738355462236 1
MB46 0 1907860617052209382 1
MB46 0 1907860505089167754 1
MB46 0 1907860500815172033 1
MB46 0 1907860410272985334 1
MB46 0 1907860362847818189 1
MB46 0 1907860182438138024 1
MB46 0 1907858925933797540 1
MB46 0 1907858409069883516 1
MB46 0 1907857908517286266 1
MB46 0 1907857482023575866 1
MB46 0 1907857449794818050 1
MB46 0 1907856870401835434 1
MB46 0 1907856502120952214 1
MB46 0 1907856485029208335 1
MB46 0 1907856469212672517 1
MB46 0 1907856198847631660 1
MB46 0 1907855820080976325 1
MB46 0 1907855600102551716 1
MB46 0 1907855551448350740 1
MB46 0 1907855408703688823 1
MB46 0 1907855361685520788 0
MB46 0 1907855184006447174 0
MB46 0 1907855045309223406 0
MB46 0 1907854878061351122 0
MB46 0 1907854152597647727 0
MB46 0 1907853372562018491 0
MB46 0 1907853244564717991 0
MB46 0 1907853216974549184 0
MB46 0 1907853202071908747 0
MB46 0 1907853188180451537 0
MB46 0 1907853057846612400 0
MB46 0 1907852955400720881 0
MB46 0 1907852861133766870 0
MB46 0 1907852724684652867 0
MB46 0 1907852620435468697 0
MB46 0 1907852511350034797 0
MB46 0 1907852384941871411 0
MB46 0 1907852313068278039 0
MB46 0 1907852203286503640 0
MB46 0 1907852038723002663 0
MB46 0 1907851886075457740 0
MB46 0 1907851791158358203 0
MB46 0 1907851744589070587 0
MB46 0 1907851652134220202 0
MB46 0 1907851602871959570 0
MB46 0 1907851520986521871 0
MB46 0 1907851402052804723 0
MB46 0 1907851324982460645 0
MB46 0 1907851115430809717 0
MB46 0 1907851028357087335 0
MB46 0 1907850784529686629 0
MB46 0 1907850667106119973 0
MB46 0 1907850166633197639 0
MB46 0 1907849724515737902 0
MB46 0 1907849535130661341 0
MB46 0 1907849198436823295 0
MB46 0 1907849053032849828 0
MB46 0 1907848973643051025 0
MB46 0 1907848628527378834 0
MB46 0 1907848271113879699 0
MB46 0 1907848068461908282 0
MB46 0 1907847727704154352 0
MB46 0 1907846823202390277 0
MB46 0 1907846679635890560 0
MB46 0 1907846606457552939 0
MB46 0 1907846363808772255 0
MB46 0 1907846296611783119 0
MB46 0 1907845706385174831 0
MB46 0 1907844540863578331 0
MB46 0 1907844522920620467 0
MB46 0 1907844386538295452 0
MB46 0 1907844132883620207 0
MB46 0 1907843622097080439 0
MB46 0 1907843489314050421 0
MB46 0 1907843451703406726 0
MB46 0 1907843423702483379 0
MB46 0 1907843416400224493 0
MB46 0 1907843323261272561 0
MB46 0 1907843221364908374 0
MB46 0 1907843062425928065 0
MB46 0 1907842651434651667 0
MB46 0 1907842617196658949 0
MB46 0 1907842422572265819 0
MB46 0 1907842419594334321 0
MB46 0 1907841036321247675 0
MB46 0 1907840941240590840 0
MB46 0 1907840737405997302 0
MB46 0 1907840680774242591 0
MB46 0 1907840675095122262 0
MB46 0 1907840671198884170 0
MB47 0 1907868468046946726 1
MB47 0 1907868413097136492 1
MB47 0 1907868294859907501 1
MB47 0 1907868238332956979 1
MB47 0 1907868131957289327 1
MB47 0 1907868070497931406 1
MB47 0 1907867763856851256 1
MB47 0 1907867658617323571 1
MB47 0 1907867506112623055 1
MB47 0 1907867439569973436 1
MB47 0 1907867428815581449 1
MB47 0 1907867377540248021 1
MB47 0 1907867278080643387 1
MB47 0 1907867243209207925 1
MB47 0 1907867084492615785 1
MB47 0 1907866962673152439 1
MB47 0 1907866917999685922 1
MB47 0 1907866823426715812 1
MB47 0 1907866706300555438 1
MB47 0 1907866649975206320 1
MB47 0 1907866591582105629 1
MB47 0 1907866527426064459 1
MB47 0 1907866425362194790 1
MB47 0 1907866313231311140 1
MB47 0 1907866276246270421 1
MB47 0 1907866207455203714 1
MB47 0 1907865373560447135 1
MB47 0 1907865214583775574 1
MB47 0 1907865046665015774 1
MB47 0 1907864832033862065 1
MB47 0 1907864552860983638 0
MB47 0 1907864192964813003 0
MB47 0 1907863725232529850 0
MB47 0 1907862743249543579 0
MB47 0 1907862313891197410 0
MB47 0 1907862207808872859 0
MB47 0 1907861421725044866 0
MB47 0 1907861381656768778 0
MB47 0 1907860970220949547 0
MB47 0 1907860932870709400 0
MB47 0 1907860666796425375 0
MB47 0 1907860595220906212 0
MB47 0 1907860167758147584 0
MB47 0 1907859919165862277 0
MB47 0 1907859680153493671 0
MB47 0 1907859571894518053 0
MB47 0 1907859560255156246 0
MB47 0 1907859316519870577 0
MB47 0 1907858974398894136 0
MB47 0 1907858654180553075 0
MB47 0 1907857979048632684 0
MB47 0 1907857541536821306 0
MB47 0 1907857467398033426 0
MB47 0 1907857435181666671 0
MB47 0 1907857181111619781 0
MB47 0 1907856877125345685 0
MB47 0 1907856137736597913 0
MB47 0 1907855745304899915 0
MB47 0 1907855652954710044 0
MB47 0 1907854746414911671 0
MB47 0 1907854248802451534 0
MB47 0 1907853982023733284 0
MB47 0 1907853200436179060 0
MB47 0 1907853091342540864 0
MB47 0 1907853011961131481 0
MB47 0 1907852725078855709 0
MB47 0 1907852169832812549 0
MB47 0 1907851975007363165 0
MB47 0 1907851920351310329 0
MB47 0 1907851778403750196 0
MB47 0 1907851446353088775 0
MB47 0 1907850817480139191 0
MB47 0 1907850302641832307 0
MB47 0 1907849595826110930 0
MB47 0 1907849390137516510 0
MB47 0 1907848973643051025 0
MB47 0 1907848325623144531 0
MB47 0 1907848165618864341 0
MB47 0 1907848090360353060 0
MB47 0 1907846754839453809 0
MB47 0 1907846094198886905 0
MB47 0 1907845840988942831 0
MB47 0 1907845790598574413 0
MB47 0 1907845748357570887 0
MB47 0 1907843755690123747 0
MB47 0 1907843463166799947 0
MB47 0 1907843170722865563 0
MB47 0 1907843039604691308 0
MB47 0 1907843023360184736 0
MB47 0 1907842850378682792 0
MB47 0 1907842768724177156 0
MB47 0 1907842756304842926 0
MB47 0 1907842604131053685 0
MB47 0 1907840882348634118 0
MB47 0 1907840736281952641 0
MB47 0 1907840708721127823 0
MB47 0 1907840665599476125 0
MB47 0 1907840524456763472 0
MB47 0 1907840290569990245 0
MB47 0 1907840045228171650 0
MB48 0 1907873153180905979 1
MB48 0 1907871874316398919 1
MB48 0 1907871442554737123 1
MB48 0 1907871196240359821 1
MB48 0 1907870772179165687 1
MB48 0 1907870492700332512 1
MB48 0 1907870491991306399 1
MB48 0 1907870241545191722 1
MB48 0 1907869114766602311 1
MB48 0 1907868689866830210 1
MB48 0 1907868549227622421 1
MB48 0 1907865573389697128 1
MB48 0 1907865382422987149 1
MB48 0 1907865317004505423 1
MB48 0 1907864880729759973 1
MB48 0 1907864736714076585 1
MB48 0 1907864570288549899 1
MB48 0 1907860986377142388 1
MB48 0 1907860851354218829 1
MB48 0 1907860152843157934 1
MB48 0 1907859978716852666 1
MB48 0 1907859298610446446 1
MB48 0 1907859189092987206 1
MB48 0 1907858559498350902 1
MB48 0 1907858474589106369 1
MB48 0 1907857981632590071 1
MB48 0 1907857873050460555 1
MB48 0 1907857105677332832 1
MB48 0 1907856503211700338 1
MB48 0 1907856403173355805 1
MB48 0 1907856021969858596 0
MB48 0 1907855745304899915 0
MB48 0 1907855587477524858 0
MB48 0 1907854707004977453 0
MB48 0 1907854140258083022 0
MB48 0 1907853768428777514 0
MB48 0 1907853662921044371 0
MB48 0 1907853228840202571 0
MB48 0 1907852974329606439 0
MB48 0 1907852308320280827 0
MB48 0 1907851480456925231 0
MB48 0 1907851374001533039 0
MB48 0 1907851337892770248 0
MB48 0 1907849724515737902 0
MB48 0 1907849196335435818 0
MB48 0 1907848809188577677 0
MB48 0 1907848628527378834 0
MB48 0 1907848564249690228 0
MB48 0 1907846358628712849 0
MB48 0 1907845572561617275 0
MB48 0 1907845551531364467 0
MB48 0 1907845546586349970 0
MB48 0 1907845461131907282 0
MB48 0 1907845337638908031 0
MB48 0 1907844986239926647 0
MB48 0 1907844844409467384 0
MB48 0 1907843995255865593 0
MB48 0 1907843937920012363 0
MB48 0 1907843307289387426 0
MB48 0 1907842664159916095 0
MB48 0 1907842200643285076 0
MB48 0 1907841159025643776 0
MB48 0 1907840157862015470 0
MB48 0 1907840124525715640 0
MB48 0 1907839392397308319 0
MB48 0 1907839221613609228 0
MB48 0 1907837906611314717 0
MB48 0 1907837677971337425 0
MB48 0 1907837534455185649 0
MB48 0 1907837160293650737 0
MB48 0 1907837041112494127 0
MB48 0 1907836867501785225 0
MB48 0 1907836730939478279 0
MB48 0 1907836392320733386 0
MB48 0 1907835079587496121 0
MB48 0 1907834959332606351 0
MB48 0 1907834695422705805 0
MB48 0 1907834232832954464 0
MB48 0 1907834135676072186 0
MB48 0 1907833857170157765 0
MB48 0 1907833324913262790 0
MB48 0 1907832423372443682 0
MB48 0 1907832404175376836 0
MB48 0 1907830457904845143 0
MB48 0 1907830285187559826 0
MB48 0 1907830034792067342 0
MB48 0 1907829806353568009 0
MB48 0 1907827887530561676 0
MB48 0 1907825071395107264 0
MB48 0 1907822087013630051 0
MB48 0 1907820478858727893 0
MB48 0 1907820279856070673 0
MB48 0 1907820261165920494 0
MB48 0 1907818999733215724 0
MB48 0 1907818341546238008 0
MB48 0 1907817953858404423 0
MB48 0 1907813083235401924 0
MB48 0 1907812956357706059 0
MB48 0 1907812885142647214 0
MB48 0 1907812767249347048 0
MB49 0 1908258894679277585 1
MB49 0 1908258862202757318 1
MB49 0 1908258839494803567 1
MB49 0 1908258838416941440 1
MB49 0 1908258766874611882 1
MB49 0 1908258723702710502 1
MB49 0 1908258719059894683 1
MB49 0 1908258686037848444 1
MB49 0 1908258650457600085 1
MB49 0 1908258625812095043 1
MB49 0 1908258523139432724 1
MB49 0 1908258464477990985 1
MB49 0 1908258453363024021 1
MB49 0 1908258450808987766 1
MB49 0 1908258435298468182 1
MB49 0 1908258430738935969 1
MB49 0 1908258427580596509 1
MB49 0 1908258424175157420 1
MB49 0 1908258386027721166 1
MB49 0 1908258310148518058 1
MB49 0 1908258295577723309 1
MB49 0 1908258248790020416 1
MB49 0 1908258202703049081 1
MB49 0 1908258197472735560 1
MB49 0 1908258190740816058 1
MB49 0 1908258133946097676 1
MB49 0 1908258035551617302 1
MB49 0 1908258033211498688 1
MB49 0 1908258026978427014 1
MB49 0 1908258004408910196 1
MB49 0 1908257958837768624 0
MB49 0 1908257881540931639 0
MB49 0 1908257850637640009 0
MB49 0 1908257787840180720 0
MB49 0 1908257764146663661 0
MB49 0 1908257747964940500 0
MB49 0 1908257644672147473 0
MB49 0 1908257585930604611 0
MB49 0 1908257555996107061 0
MB49 0 1908257540594688492 0
MB49 0 1908257523511038451 0
MB49 0 1908257508252086739 0
MB49 0 1908257453348737495 0
MB49 0 1908257423128736221 0
MB49 0 1908257417227346083 0
MB49 0 1908257402970927339 0
MB49 0 1908257393282105552 0
MB49 0 1908257381689283052 0
MB49 0 1908257378262216837 0
MB49 0 1908257373720027514 0
MB49 0 1908257302336979321 0
MB49 0 1908257284808929462 0
MB49 0 1908257245604843670 0
MB49 0 1908257140591988882 0
MB49 0 1908257092252672413 0
MB49 0 1908257075932647612 0
MB49 0 1908257058807304618 0
MB49 0 1908256972509487173 0
MB49 0 1908256940611805216 0
MB49 0 1908256935931007050 0
MB49 0 1908256892545102101 0
MB49 0 1908256887021162992 0
MB49 0 1908256863843467359 0
MB49 0 1908256802900218061 0
MB49 0 1908256768074891319 0
MB49 0 1908256760667803739 0
MB49 0 1908256707480088675 0
MB49 0 1908256665406710204 0
MB49 0 1908256654094979349 0
MB49 0 1908256555721531895 0
MB49 0 1908256554479931468 0
MB49 0 1908256511668727883 0
MB49 0 1908256437509275697 0
MB49 0 1908256297394594055 0
MB49 0 1908256232089280887 0
MB49 0 1908256193438769240 0
MB49 0 1908256027222384950 0
MB49 0 1908256023317749917 0
MB49 0 1908256010558390366 0
MB49 0 1908255827980673464 0
MB49 0 1908255756752728404 0
MB49 0 1908255749853052950 0
MB49 0 1908255746917031940 0
MB49 0 1908255725127655865 0
MB49 0 1908255645729517618 0
MB49 0 1908255485205385651 0
MB49 0 1908255405102555448 0
MB49 0 1908255347749642567 0
MB49 0 1908255251603300537 0
MB49 0 1908255099845013656 0
MB49 0 1908255018333200815 0
MB49 0 1908254931871789506 0
MB49 0 1908254912053453094 0
MB49 0 1908254888661811303 0
MB49 0 1908254839873663049 0
MB49 0 1908254804041662523 0
MB49 0 1908254781128532309 0
MB49 0 1908254766691483812 0
MB49 0 1908254696868835457 0
MB49 0 1908254684264989095 0
MB50 0 1908259551880568871 1
MB50 0 1908257435535675863 1
MB50 0 1908255203901444589 1
MB50 0 1908251144624775530 1
MB50 0 1908250914407739722 1
MB50 0 1908250848720797997 1
MB50 0 1908249698785518053 1
MB50 0 1908249382417314123 1
MB50 0 1908246591070188005 1
MB50 0 1908245728130130052 1
MB50 0 1908242214276256167 1
MB50 0 1908241296998666281 1
MB50 0 1908240871625285996 1
MB50 0 1908240871381692837 1
MB50 0 1908240538026786974 1
MB50 0 1908240322481541258 1
MB50 0 1908240131129016529 1
MB50 0 1908238791279862034 1
MB50 0 1908237592258105843 1
MB50 0 1908237526017466842 1
MB50 0 1908236722942411199 1
MB50 0 1908235906320060760 1
MB50 0 1908230172236800422 1
MB50 0 1908227289504170229 1
MB50 0 1908224927775277200 1
MB50 0 1908223425996611714 1
MB50 0 1908221128252047667 1
MB50 0 1908219059566510392 1
MB50 0 1908217308977246650 1
MB50 0 1908216778909769851 1
MB50 0 1908216197897707603 0
MB50 0 1908216006826172567 0
MB50 0 1908215506676461682 0
MB50 0 1908215010075013548 0
MB50 0 1908214763219513703 0
MB50 0 1908214703693701526 0
MB50 0 1908214538509382093 0
MB50 0 1908214467025891513 0
MB50 0 1908213856037392398 0
MB50 0 1908213623450730714 0
MB50 0 1908213565636456684 0
MB50 0 1908212208041156993 0
MB50 0 1908211945393557888 0
MB50 0 1908211378780852595 0
MB50 0 1908210818820562993 0
MB50 0 1908206895602753785 0
MB50 0 1908206043798094104 0
MB50 0 1908203323280249316 0
MB50 0 1908203095701553164 0
MB50 0 1908199283393773913 0
MB50 0 1908199133346717749 0
MB50 0 1908193663349563846 0
MB50 0 1908187009249673571 0
MB50 0 1908186520219242856 0
MB50 0 1908186461389873376 0
MB50 0 1908185859213373930 0
MB50 0 1908185501246353836 0
MB50 0 1908185334061388207 0
MB50 0 1908185267548106853 0
MB50 0 1908185112816021850 0
MB50 0 1908185059791667630 0
MB50 0 1908184970599817377 0
MB50 0 1908184926052106360 0
MB50 0 1908184810826162333 0
MB50 0 1908184711303733296 0
MB50 0 1908184406973464850 0
MB50 0 1908184055578870075 0
MB50 0 1908183986305642836 0
MB50 0 1908183938079535289 0
MB50 0 1908183764724850693 0
MB50 0 1908183713638138192 0
MB50 0 1908183654099984886 0
MB50 0 1908183595463610478 0
MB50 0 1908183541214593367 0
MB50 0 1908183475573711307 0
MB50 0 1908183422905753919 0
MB50 0 1908183340852650345 0
MB50 0 1908183276881064275 0
MB50 0 1908183199345201380 0
MB50 0 1908183091555803284 0
MB50 0 1908183040724971676 0
MB50 0 1908182970931761274 0
MB50 0 1908182836961509874 0
MB50 0 1908182765373210694 0
MB50 0 1908182679255756889 0
MB50 0 1908182604517392468 0
MB50 0 1908182530303361260 0
MB50 0 1908182400581935198 0
MB50 0 1908182305618768364 0
MB50 0 1908182163498942960 0
MB50 0 1908182076563550557 0
MB50 0 1908181914634059816 0
MB50 0 1908181335165784246 0
MB50 0 1908181181889171792 0
MB50 0 1908180436834017443 0
MB50 0 1908177383934296196 0
MB50 0 1908176568687448190 0
MB50 0 1908176548735148133 0
MB50 0 1908176506804699344 0
MB50 0 1908176487846457806 0