MB49 0 1908258894679277585 1
MB49 0 1908258862202757318 1
MB49 0 1908258839494803567 1
MB49 0 1908258838416941440 1
MB49 0 1908258766874611882 1
MB49 0 1908258723702710502 1
MB49 0 1908258719059894683 1
MB49 0 1908258686037848444 1
MB49 0 1908258650457600085 1
MB49 0 1908258625812095043 1
MB49 0 1908258523139432724 1
MB49 0 1908258464477990985 1
MB49 0 1908258453363024021 1
MB49 0 1908258450808987766 1
MB49 0 1908258435298468182 1
MB49 0 1908258430738935969 1
MB49 0 1908258427580596509 1
MB49 0 1908258424175157420 1
MB49 0 1908258386027721166 1
MB49 0 1908258310148518058 1
MB49 0 1908258295577723309 1
MB49 0 1908258248790020416 1
MB49 0 1908258202703049081 1
MB49 0 1908258197472735560 1
MB49 0 1908258190740816058 1
MB49 0 1908258133946097676 1
MB49 0 1908258035551617302 1
MB49 0 1908258033211498688 1
MB49 0 1908258026978427014 1
MB49 0 1908258004408910196 1
MB49 0 1908257958837768624 0
MB49 0 1908257881540931639 0
MB49 0 1908257850637640009 0
MB49 0 1908257787840180720 0
MB49 0 1908257764146663661 0
MB49 0 1908257747964940500 0
MB49 0 1908257644672147473 0
MB49 0 1908257585930604611 0
MB49 0 1908257555996107061 0
MB49 0 1908257540594688492 0
MB49 0 1908257523511038451 0
MB49 0 1908257508252086739 0
MB49 0 1908257453348737495 0
MB49 0 1908257423128736221 0
MB49 0 1908257417227346083 0
MB49 0 1908257402970927339 0
MB49 0 1908257393282105552 0
MB49 0 1908257381689283052 0
MB49 0 1908257378262216837 0
MB49 0 1908257373720027514 0
MB49 0 1908257302336979321 0
MB49 0 1908257284808929462 0
MB49 0 1908257245604843670 0
MB49 0 1908257140591988882 0
MB49 0 1908257092252672413 0
MB49 0 1908257075932647612 0
MB49 0 1908257058807304618 0
MB49 0 1908256972509487173 0
MB49 0 1908256940611805216 0
MB49 0 1908256935931007050 0
MB49 0 1908256892545102101 0
MB49 0 1908256887021162992 0
MB49 0 1908256863843467359 0
MB49 0 1908256802900218061 0
MB49 0 1908256768074891319 0
MB49 0 1908256760667803739 0
MB49 0 1908256707480088675 0
MB49 0 1908256665406710204 0
MB49 0 1908256654094979349 0
MB49 0 1908256555721531895 0
MB49 0 1908256554479931468 0
MB49 0 1908256511668727883 0
MB49 0 1908256437509275697 0
MB49 0 1908256297394594055 0
MB49 0 1908256232089280887 0
MB49 0 1908256193438769240 0
MB49 0 1908256027222384950 0
MB49 0 1908256023317749917 0
MB49 0 1908256010558390366 0
MB49 0 1908255827980673464 0
MB49 0 1908255756752728404 0
MB49 0 1908255749853052950 0
MB49 0 1908255746917031940 0
MB49 0 1908255725127655865 0
MB49 0 1908255645729517618 0
MB49 0 1908255485205385651 0
MB49 0 1908255405102555448 0
MB49 0 1908255347749642567 0
MB49 0 1908255251603300537 0
MB49 0 1908255099845013656 0
MB49 0 1908255018333200815 0
MB49 0 1908254931871789506 0
MB49 0 1908254912053453094 0
MB49 0 1908254888661811303 0
MB49 0 1908254839873663049 0
MB49 0 1908254804041662523 0
MB49 0 1908254781128532309 0
MB49 0 1908254766691483812 0
MB49 0 1908254696868835457 0
MB49 0 1908254684264989095 0