MB50 0 1908259551880568871 1
MB50 0 1908257435535675863 1
MB50 0 1908255203901444589 1
MB50 0 1908251144624775530 1
MB50 0 1908250914407739722 1
MB50 0 1908250848720797997 1
MB50 0 1908249698785518053 1
MB50 0 1908249382417314123 1
MB50 0 1908246591070188005 1
MB50 0 1908245728130130052 1
MB50 0 1908242214276256167 1
MB50 0 1908241296998666281 1
MB50 0 1908240871625285996 1
MB50 0 1908240871381692837 1
MB50 0 1908240538026786974 1
MB50 0 1908240322481541258 1
MB50 0 1908240131129016529 1
MB50 0 1908238791279862034 1
MB50 0 1908237592258105843 1
MB50 0 1908237526017466842 1
MB50 0 1908236722942411199 1
MB50 0 1908235906320060760 1
MB50 0 1908230172236800422 1
MB50 0 1908227289504170229 1
MB50 0 1908224927775277200 1
MB50 0 1908223425996611714 1
MB50 0 1908221128252047667 1
MB50 0 1908219059566510392 1
MB50 0 1908217308977246650 1
MB50 0 1908216778909769851 1
MB50 0 1908216197897707603 0
MB50 0 1908216006826172567 0
MB50 0 1908215506676461682 0
MB50 0 1908215010075013548 0
MB50 0 1908214763219513703 0
MB50 0 1908214703693701526 0
MB50 0 1908214538509382093 0
MB50 0 1908214467025891513 0
MB50 0 1908213856037392398 0
MB50 0 1908213623450730714 0
MB50 0 1908213565636456684 0
MB50 0 1908212208041156993 0
MB50 0 1908211945393557888 0
MB50 0 1908211378780852595 0
MB50 0 1908210818820562993 0
MB50 0 1908206895602753785 0
MB50 0 1908206043798094104 0
MB50 0 1908203323280249316 0
MB50 0 1908203095701553164 0
MB50 0 1908199283393773913 0
MB50 0 1908199133346717749 0
MB50 0 1908193663349563846 0
MB50 0 1908187009249673571 0
MB50 0 1908186520219242856 0
MB50 0 1908186461389873376 0
MB50 0 1908185859213373930 0
MB50 0 1908185501246353836 0
MB50 0 1908185334061388207 0
MB50 0 1908185267548106853 0
MB50 0 1908185112816021850 0
MB50 0 1908185059791667630 0
MB50 0 1908184970599817377 0
MB50 0 1908184926052106360 0
MB50 0 1908184810826162333 0
MB50 0 1908184711303733296 0
MB50 0 1908184406973464850 0
MB50 0 1908184055578870075 0
MB50 0 1908183986305642836 0
MB50 0 1908183938079535289 0
MB50 0 1908183764724850693 0
MB50 0 1908183713638138192 0
MB50 0 1908183654099984886 0
MB50 0 1908183595463610478 0
MB50 0 1908183541214593367 0
MB50 0 1908183475573711307 0
MB50 0 1908183422905753919 0
MB50 0 1908183340852650345 0
MB50 0 1908183276881064275 0
MB50 0 1908183199345201380 0
MB50 0 1908183091555803284 0
MB50 0 1908183040724971676 0
MB50 0 1908182970931761274 0
MB50 0 1908182836961509874 0
MB50 0 1908182765373210694 0
MB50 0 1908182679255756889 0
MB50 0 1908182604517392468 0
MB50 0 1908182530303361260 0
MB50 0 1908182400581935198 0
MB50 0 1908182305618768364 0
MB50 0 1908182163498942960 0
MB50 0 1908182076563550557 0
MB50 0 1908181914634059816 0
MB50 0 1908181335165784246 0
MB50 0 1908181181889171792 0
MB50 0 1908180436834017443 0
MB50 0 1908177383934296196 0
MB50 0 1908176568687448190 0
MB50 0 1908176548735148133 0
MB50 0 1908176506804699344 0
MB50 0 1908176487846457806 0