MB47 0 1907868468046946726 1
MB47 0 1907868413097136492 1
MB47 0 1907868294859907501 1
MB47 0 1907868238332956979 1
MB47 0 1907868131957289327 1
MB47 0 1907868070497931406 1
MB47 0 1907867763856851256 1
MB47 0 1907867658617323571 1
MB47 0 1907867506112623055 1
MB47 0 1907867439569973436 1
MB47 0 1907867428815581449 1
MB47 0 1907867377540248021 1
MB47 0 1907867278080643387 1
MB47 0 1907867243209207925 1
MB47 0 1907867084492615785 1
MB47 0 1907866962673152439 1
MB47 0 1907866917999685922 1
MB47 0 1907866823426715812 1
MB47 0 1907866706300555438 1
MB47 0 1907866649975206320 1
MB47 0 1907866591582105629 1
MB47 0 1907866527426064459 1
MB47 0 1907866425362194790 1
MB47 0 1907866313231311140 1
MB47 0 1907866276246270421 1
MB47 0 1907866207455203714 1
MB47 0 1907865373560447135 1
MB47 0 1907865214583775574 1
MB47 0 1907865046665015774 1
MB47 0 1907864832033862065 1
MB47 0 1907864552860983638 0
MB47 0 1907864192964813003 0
MB47 0 1907863725232529850 0
MB47 0 1907862743249543579 0
MB47 0 1907862313891197410 0
MB47 0 1907862207808872859 0
MB47 0 1907861421725044866 0
MB47 0 1907861381656768778 0
MB47 0 1907860970220949547 0
MB47 0 1907860932870709400 0
MB47 0 1907860666796425375 0
MB47 0 1907860595220906212 0
MB47 0 1907860167758147584 0
MB47 0 1907859919165862277 0
MB47 0 1907859680153493671 0
MB47 0 1907859571894518053 0
MB47 0 1907859560255156246 0
MB47 0 1907859316519870577 0
MB47 0 1907858974398894136 0
MB47 0 1907858654180553075 0
MB47 0 1907857979048632684 0
MB47 0 1907857541536821306 0
MB47 0 1907857467398033426 0
MB47 0 1907857435181666671 0
MB47 0 1907857181111619781 0
MB47 0 1907856877125345685 0
MB47 0 1907856137736597913 0
MB47 0 1907855745304899915 0
MB47 0 1907855652954710044 0
MB47 0 1907854746414911671 0
MB47 0 1907854248802451534 0
MB47 0 1907853982023733284 0
MB47 0 1907853200436179060 0
MB47 0 1907853091342540864 0
MB47 0 1907853011961131481 0
MB47 0 1907852725078855709 0
MB47 0 1907852169832812549 0
MB47 0 1907851975007363165 0
MB47 0 1907851920351310329 0
MB47 0 1907851778403750196 0
MB47 0 1907851446353088775 0
MB47 0 1907850817480139191 0
MB47 0 1907850302641832307 0
MB47 0 1907849595826110930 0
MB47 0 1907849390137516510 0
MB47 0 1907848973643051025 0
MB47 0 1907848325623144531 0
MB47 0 1907848165618864341 0
MB47 0 1907848090360353060 0
MB47 0 1907846754839453809 0
MB47 0 1907846094198886905 0
MB47 0 1907845840988942831 0
MB47 0 1907845790598574413 0
MB47 0 1907845748357570887 0
MB47 0 1907843755690123747 0
MB47 0 1907843463166799947 0
MB47 0 1907843170722865563 0
MB47 0 1907843039604691308 0
MB47 0 1907843023360184736 0
MB47 0 1907842850378682792 0
MB47 0 1907842768724177156 0
MB47 0 1907842756304842926 0
MB47 0 1907842604131053685 0
MB47 0 1907840882348634118 0
MB47 0 1907840736281952641 0
MB47 0 1907840708721127823 0
MB47 0 1907840665599476125 0
MB47 0 1907840524456763472 0
MB47 0 1907840290569990245 0
MB47 0 1907840045228171650 0