
MB01 0 1908336503182196974 1
MB01 0 1908334428558156295 1
MB01 0 1908331790009524502 1
MB01 0 1908331338161127786 1
MB01 0 1908329987473809644 1
MB01 0 1908329406575370680 1
MB01 0 1908328027240423918 1
MB01 0 1908327593784336795 1
MB01 0 1908327253332590859 1
MB01 0 1908326633691357243 1
MB01 0 1908326504305750373 1
MB01 0 1908326110376394764 1
MB01 0 1908324837971345840 1
MB01 0 1908322329408790701 1
MB01 0 1908319407866052650 1
MB01 0 1908319031410504035 1
MB01 0 1908316966324232574 1
MB01 0 1908316152452862148 1
MB01 0 1908314266391707812 1
MB01 0 1908313957640917196 1
MB01 0 1908313614273958009 1
MB01 0 1908312192316821514 1
MB01 0 1908310181659791753 1
MB01 0 1908307361846190359 1
MB01 0 1908306488881209742 1
MB01 0 1908305586875191724 1
MB01 0 1908303240397250857 1
MB01 0 1908302754273006078 1
MB01 0 1908296911507120255 1
MB01 0 1908293510010126616 1
MB01 0 1908293437864206356 0
MB01 0 1908291185699152305 0
MB01 0 1908290250788450609 0
MB01 0 1908287660957065434 0
MB01 0 1908287480228401556 0
MB01 0 1908286223309037640 0
MB01 0 1908286066412707988 0
MB01 0 1908283376563609961 0
MB01 0 1908281985606574361 0
MB01 0 1908278442883506445 0
MB01 0 1908278204223070306 0
MB01 0 1908274893306945833 0
MB01 0 1908274858867282199 0
MB01 0 1908272851813040182 0
MB01 0 1908272537433485553 0
MB01 0 1908272030102831385 0
MB01 0 1908269579874205850 0
MB01 0 1908269343160340571 0
MB01 0 1908267729179554092 0
MB01 0 1908265544878571570 0
MB01 0 1908265208243507471 0
MB01 0 1908264837685379561 0
MB01 0 1908264766310932594 0
MB01 0 1908264732760379698 0
MB01 0 1908262999128670269 0
MB01 0 1908262446495920454 0
MB01 0 1908260642802503969 0
MB01 0 1908259752892629045 0
MB01 0 1908258004853457123 0
MB01 0 1908255491781722464 0
MB01 0 1908254473602138118 0
MB01 0 1908253562972323879 0
MB01 0 1908253485583286665 0
MB01 0 1908252838263652735 0
MB01 0 1908251373134655743 0
MB01 0 1908251138866168027 0
MB01 0 1908251049779224589 0
MB01 0 1908249961906806950 0
MB01 0 1908249728459866385 0
MB01 0 1908248305630597344 0
MB01 0 1908247816394170768 0
MB01 0 1908247261731037341 0
MB01 0 1908246678664036454 0
MB01 0 1908244811842224420 0
MB01 0 1908242229455450467 0
MB01 0 1908239991592960383 0
MB01 0 1908236984281092566 0
MB01 0 1908236093977166044 0
MB01 0 1908234038378197486 0
MB01 0 1908233016473694446 0
MB01 0 1908232898278297981 0
MB01 0 1908232777050329553 0
MB01 0 1908231547301359738 0
MB01 0 1908230270127354000 0
MB01 0 1908229500812284092 0
MB01 0 1908229384605229245 0
MB01 0 1908228884837130372 0
MB01 0 1908227886688997775 0
MB01 0 1908227458987426096 0
MB01 0 1908227115662631337 0
MB01 0 1908226828184998181 0
MB01 0 1908225743626158241 0
MB01 0 1908223507458085120 0
MB01 0 1908223338998071545 0
MB01 0 1908221776061956377 0
MB01 0 1908220211787903155 0
MB01 0 1908218334178357669 0
MB01 0 1908217368502845749 0
MB01 0 1908217344104530009 0
MB01 0 1908215716685197589 0
MB02 0 1909331874285339120 1
MB02 0 1909328944009986329 1
MB02 0 1909326672211616247 1
MB02 0 1909325488054845713 1
MB02 0 1909324547029078465 1
MB02 0 1909319208883585478 1
MB02 0 1909317600305095010 1
MB02 0 1909311659362988190 1
MB02 0 1909307932006588546 1
MB02 0 1909294654505570417 1
MB02 0 1909293034690191644 1
MB02 0 1909291402313277917 1
MB02 0 1909290076569239943 1
MB02 0 1909288950914826509 1
MB02 0 1909284859912061081 1
MB02 0 1909279946511679507 1
MB02 0 1909279488006918646 1
MB02 0 1909279290690081064 1
MB02 0 1909274094500987381 1
MB02 0 1909273925671878834 1
MB02 0 1909261997624959162 1
MB02 0 1909260030647423173 1
MB02 0 1909258392172188018 1
MB02 0 1909258042635334121 1
MB02 0 1909257812078624984 1
MB02 0 1909246838986932503 1
MB02 0 1909243487712686124 1
MB02 0 1909243177535418707 1
MB02 0 1909240840326725789 1
MB02 0 1909232332935995833 1
MB02 0 1909229910058553504 0
MB02 0 1909228292722556958 0
MB02 0 1909227629028270592 0
MB02 0 1909226884560519630 0
MB02 0 1909222800390320404 0
MB02 0 1909218351705964746 0
MB02 0 1909217205943759109 0
MB02 0 1909215003674136991 0
MB02 0 1909208292338852174 0
MB02 0 1909201855466340642 0
MB02 0 1909201040135672028 0
MB02 0 1909200667853332526 0
MB02 0 1909199208810185158 0
MB02 0 1909198692277428304 0
MB02 0 1909195365804339258 0
MB02 0 1909195224053670399 0
MB02 0 1909194381535429054 0
MB02 0 1909191581606748309 0
MB02 0 1909187001506480384 0
MB02 0 1909185504920092731 0
MB02 0 1909184310273356195 0
MB02 0 1909182406189293959 0
MB02 0 1909177956582187221 0
MB02 0 1909173812811202814 0
MB02 0 1909164823335616852 0
MB02 0 1909164321482940460 0
MB02 0 1909163608237597063 0
MB02 0 1909163183660777474 0
MB02 0 1909154959225995714 0
MB02 0 1909150426487726576 0
MB02 0 1909145869615522163 0
MB02 0 1909130334559748582 0
MB02 0 1909128785963733231 0
MB02 0 1909127587194191876 0
MB02 0 1909122411305254957 0
MB02 0 1909122309366890512 0
MB02 0 1909116516936691798 0
MB02 0 1909116515548275151 0
MB02 0 1909116512977269015 0
MB02 0 1909116512842965499 0
MB02 0 1909108895097803003 0
MB02 0 1909108317089149073 0
MB02 0 1909102224791253250 0
MB02 0 1909093460310716726 0
MB02 0 1909089562304864651 0
MB02 0 1909074784375210326 0
MB02 0 1909072702440190051 0
MB02 0 1909071222769414269 0
MB02 0 1909071217752998233 0
MB02 0 1909058309249958154 0
MB02 0 1909042228271685677 0
MB02 0 1909038317653373096 0
MB02 0 1909027341772243144 0
MB02 0 1909023438049784281 0
MB02 0 1909019052313366883 0
MB02 0 1909017891527393346 0
MB02 0 1909009165927796998 0
MB02 0 1909000398611824843 0
MB02 0 1908999412157669621 0
MB02 0 1908996853649076442 0
MB02 0 1908995759313137971 0
MB02 0 1908988974603071523 0
MB02 0 1908988166695961037 0
MB02 0 1908984201551978902 0
MB02 0 1908982919550411032 0
MB02 0 1908982165926461499 0
MB02 0 1908981790758543718 0
MB02 0 1908981569940828193 0
MB02 0 1908975891524223023 0
MB02 0 1908969015440998780 0
MB03 0 1909237594526814672 1
MB03 0 1909233231188083069 1
MB03 0 1909232381455630715 1
MB03 0 1909229889456087457 1
MB03 0 1909229352027402747 1
MB03 0 1909228715952820259 1
MB03 0 1909225366448644571 1
MB03 0 1909225199184302440 1
MB03 0 1909224831469355217 1
MB03 0 1909223090476712309 1
MB03 0 1909222977633124417 1
MB03 0 1909222492318675170 1
MB03 0 1909220355765305506 1
MB03 0 1909217004793233456 1
MB03 0 1909214351132701066 1
MB03 0 1909214119376404710 1
MB03 0 1909213735937355949 1
MB03 0 1909213645655134453 1
MB03 0 1909207953862722026 1
MB03 0 1909207469500330408 1
MB03 0 1909206008108372257 1
MB03 0 1909205565609222355 1
MB03 0 1909203844019396850 1
MB03 0 1909202775012950479 1
MB03 0 1909202695136624832 1
MB03 0 1909192841559224688 1
MB03 0 1909189403139793034 1
MB03 0 1909185475547476077 1
MB03 0 1909181598022651988 1
MB03 0 1909171550999245137 1
MB03 0 1909167404992839713 0
MB03 0 1909166584104370386 0
MB03 0 1909165496945061930 0
MB03 0 1909163912681193964 0
MB03 0 1909163198248272039 0
MB03 0 1909159740082470992 0
MB03 0 1909159693743747427 0
MB03 0 1909157383651389919 0
MB03 0 1909154019320184969 0
MB03 0 1909153848716853269 0
MB03 0 1909149543557484927 0
MB03 0 1909149159447216261 0
MB03 0 1909148237010784706 0
MB03 0 1909148154710089857 0
MB03 0 1909140278507614564 0
MB03 0 1909138131325944011 0
MB03 0 1909132837468397910 0
MB03 0 1909129916232388760 0
MB03 0 1909126511149629544 0
MB03 0 1909121230231175570 0
MB03 0 1909119195498881340 0
MB03 0 1909119055245525340 0
MB03 0 1909119044579434942 0
MB03 0 1909118932687912988 0
MB03 0 1909118872508047648 0
MB03 0 1909105389083463989 0
MB03 0 1909094182657901011 0
MB03 0 1909091098133250197 0
MB03 0 1909088641818755315 0
MB03 0 1909088603327639724 0
MB03 0 1909086693627658545 0
MB03 0 1909086096765366389 0
MB03 0 1909080671701676207 0
MB03 0 1909080646909120662 0
MB03 0 1909080339235893529 0
MB03 0 1909079687810134101 0
MB03 0 1909078901453889812 0
MB03 0 1909076558821699731 0
MB03 0 1909075731881025764 0
MB03 0 1909074703957770589 0
MB03 0 1909074416140460062 0
MB03 0 1909074291448017115 0
MB03 0 1909073315924164942 0
MB03 0 1909068704102629411 0
MB03 0 1909066881740509372 0
MB03 0 1909063551391514983 0
MB03 0 1909056425885921420 0
MB03 0 1909055767241506890 0
MB03 0 1909054812001337768 0
MB03 0 1909051716995342752 0
MB03 0 1909048656059150642 0
MB03 0 1909045728015450546 0
MB03 0 1909044216224727152 0
MB03 0 1909043302927675600 0
MB03 0 1909041881398550988 0
MB03 0 1909041354174599282 0
MB03 0 1909039101652722130 0
MB03 0 1909038458913325507 0
MB03 0 1909037391941185858 0
MB03 0 1909037104631615749 0
MB03 0 1909036696944988620 0
MB03 0 1909031484184277264 0
MB03 0 1909030482366361909 0
MB03 0 1909030424585679185 0
MB03 0 1909029405201932293 0
MB03 0 1909026820839858287 0
MB03 0 1909024486331986296 0
MB03 0 1909023694464176262 0
MB03 0 1909017903111844162 0
MB03 0 1909014412859719913 0
MB04 0 1908255393324703930 1
MB04 0 1908251986736349515 1
MB04 0 1908248659130802552 1
MB04 0 1908245734937551287 1
MB04 0 1908244510120857648 1
MB04 0 1908236929134715080 1
MB04 0 1908231588355154000 1
MB04 0 1908223350943396139 1
MB04 0 1908212665266430167 1
MB04 0 1908197056952582441 1
MB04 0 1908192979275112811 1
MB04 0 1908191586204393481 1
MB04 0 1908188618553778518 1
MB04 0 1908175958407778742 1
MB04 0 1908169518377226364 1
MB04 0 1908166700861677639 1
MB04 0 1908166538424734209 1
MB04 0 1908159015063855122 1
MB04 0 1908132184399155365 1
MB04 0 1908131186716934272 1
MB04 0 1908126452496707775 1
MB04 0 1908100747285164345 1
MB04 0 1908073857572909094 1
MB04 0 1908070792870703325 1
MB04 0 1908067242387890528 1
MB04 0 1908048436089208994 1
MB04 0 1908043609540051400 1
MB04 0 1908038806781001964 1
MB04 0 1908032293186183270 1
MB04 0 1908012924431470719 1
MB04 0 1908010389666934851 0
MB04 0 1907976505637941635 0
MB04 0 1907974144366416247 0
MB04 0 1907970568642531446 0
MB04 0 1907932847652130942 0
MB04 0 1907931140008116430 0
MB04 0 1907929333223813343 0
MB04 0 1907926033959104527 0
MB04 0 1907906131009352099 0
MB04 0 1907901339570409847 0
MB04 0 1907898442417869018 0
MB04 0 1907889594483511623 0
MB04 0 1907889386605392243 0
MB04 0 1907888815668113644 0
MB04 0 1907888058390950119 0
MB04 0 1907887806686404900 0
MB04 0 1907883628752675224 0
MB04 0 1907882077061546021 0
MB04 0 1907882032299950131 0
MB04 0 1907881974414655855 0
MB04 0 1907881841375219778 0
MB04 0 1907881820294680657 0
MB04 0 1907881787579146357 0
MB04 0 1907881769858380001 0
MB04 0 1907881741873807708 0
MB04 0 1907881710496239617 0
MB04 0 1907881659107553745 0
MB04 0 1907881618674483422 0
MB04 0 1907881590375518560 0
MB04 0 1907881550705758303 0
MB04 0 1907881487443308825 0
MB04 0 1907877816529727625 0
MB04 0 1907877606625890452 0
MB04 0 1907877164516782247 0
MB04 0 1907877163484795139 0
MB04 0 1907876491922428046 0
MB04 0 1907876441863426095 0
MB04 0 1907876381465465056 0
MB04 0 1907876332861796603 0
MB04 0 1907876306022261192 0
MB04 0 1907876228847075375 0
MB04 0 1907876150568980619 0
MB04 0 1907876120600465550 0
MB04 0 1907876070365225139 0
MB04 0 1907876045052584129 0
MB04 0 1907875996273094694 0
MB04 0 1907875922646036960 0
MB04 0 1907875559146926514 0
MB04 0 1907875503597334613 0
MB04 0 1907875440196198603 0
MB04 0 1907875392129515762 0
MB04 0 1907875141255659685 0
MB04 0 1907875111941620120 0
MB04 0 1907875072330592517 0
MB04 0 1907874969591206320 0
MB04 0 1907874632478208088 0
MB04 0 1907874451276050483 0
MB04 0 1907874268605493440 0
MB04 0 1907874257738281023 0
MB04 0 1907874176737632373 0
MB04 0 1907874152050266554 0
MB04 0 1907874088556597744 0
MB04 0 1907874005429657728 0
MB04 0 1907873954297221249 0
MB04 0 1907873897128620408 0
MB04 0 1907873890740703658 0
MB04 0 1907873849758077333 0
MB04 0 1907873799694926059 0
MB04 0 1907873655217930715 0
MB04 0 1907872480384921821 0
MB05 0 1908310824369762595 1
MB05 0 1908310433846775882 1
MB05 0 1908308878145839451 1
MB05 0 1908307628452962666 1
MB05 0 1908302631988031763 1
MB05 0 1908299633367142523 1
MB05 0 1908298027988562154 1
MB05 0 1908297237228036604 1
MB05 0 1908295700405723589 1
MB05 0 1908295658005815755 1
MB05 0 1908292213815337160 1
MB05 0 1908291743071531460 1
MB05 0 1908290752624373760 1
MB05 0 1908289148387025301 1
MB05 0 1908288227808563540 1
MB05 0 1908287327807439235 1
MB05 0 1908285971109478549 1
MB05 0 1908284228715921847 1
MB05 0 1908282847095644457 1
MB05 0 1908281433728164226 1
MB05 0 1908280069577175089 1
MB05 0 1908277767352852889 1
MB05 0 1908277338519077030 1
MB05 0 1908276483136655673 1
MB05 0 1908276472034292107 1
MB05 0 1908270903575929307 1
MB05 0 1908270118439969111 1
MB05 0 1908269788100481254 1
MB05 0 1908268104582398432 1
MB05 0 1908267477383159963 1
MB05 0 1908266929774854331 0
MB05 0 1908263258299261346 0
MB05 0 1908256190712471869 0
MB05 0 1908254850292605151 0
MB05 0 1908254529344168259 0
MB05 0 1908252988738531778 0
MB05 0 1908252580590883139 0
MB05 0 1908251302452465879 0
MB05 0 1908247635179483542 0
MB05 0 1908247243930456136 0
MB05 0 1908236009499714032 0
MB05 0 1908235705639461347 0
MB05 0 1908233524035080272 0
MB05 0 1908232874710430178 0
MB05 0 1908228041999855682 0
MB05 0 1908227283103424925 0
MB05 0 1908226757246718194 0
MB05 0 1908226202382331918 0
MB05 0 1908225647576584688 0
MB05 0 1908225437408395648 0
MB05 0 1908224166165418325 0
MB05 0 1908224139753619800 0
MB05 0 1908224069721285047 0
MB05 0 1908224044203135151 0
MB05 0 1908222752768786748 0
MB05 0 1908222562850705519 0
MB05 0 1908222097635115147 0
MB05 0 1908220530320183442 0
MB05 0 1908219428938145954 0
MB05 0 1908216518946783339 0
MB05 0 1908212448965898678 0
MB05 0 1908211194605035856 0
MB05 0 1908210800067543064 0
MB05 0 1908210675102401015 0
MB05 0 1908208394072404077 0
MB05 0 1908203707151323327 0
MB05 0 1908202118227648871 0
MB05 0 1908199535509180920 0
MB05 0 1908197955514913273 0
MB05 0 1908196417643933781 0
MB05 0 1908195203258716286 0
MB05 0 1908193706043228240 0
MB05 0 1908193473364124037 0
MB05 0 1908191997703172553 0
MB05 0 1908190023108772199 0
MB05 0 1908189556270072086 0
MB05 0 1908188170094580069 0
MB05 0 1908188057997914265 0
MB05 0 1908185018951704718 0
MB05 0 1908183406275371295 0
MB05 0 1908181107927035994 0
MB05 0 1908178906114371810 0
MB05 0 1908176426727026713 0
MB05 0 1908175549866070038 0
MB05 0 1908168478315475095 0
MB05 0 1908161244692902240 0
MB05 0 1908159923151679568 0
MB05 0 1908156586754756720 0
MB05 0 1908154547312185396 0
MB05 0 1908151392683897076 0
MB05 0 1908151252619300939 0
MB05 0 1908148941314568491 0
MB05 0 1908148715787087898 0
MB05 0 1908148638536073639 0
MB05 0 1908147408334172356 0
MB05 0 1908146484144705633 0
MB05 0 1908146391458709947 0
MB05 0 1908144807379165198 0
MB05 0 1908142300901134799 0
MB05 0 1908142011837784403 0
MB06 0 1908968113061736655 1
MB06 0 1908966746582626455 1
MB06 0 1908964257913507931 1
MB06 0 1908961151624368453 1
MB06 0 1908961125607026838 1
MB06 0 1908960115618697476 1
MB06 0 1908958099190198325 1
MB06 0 1908951202181554178 1
MB06 0 1908950797351604636 1
MB06 0 1908950401702830512 1
MB06 0 1908950137822396554 1
MB06 0 1908949996994740672 1
MB06 0 1908949722179514748 1
MB06 0 1908949398002033032 1
MB06 0 1908949157261226411 1
MB06 0 1908947438343459236 1
MB06 0 1908947380986143190 1
MB06 0 1908947128614805738 1
MB06 0 1908946943021117897 1
MB06 0 1908946793204687186 1
MB06 0 1908946503013732483 1
MB06 0 1908946316367147514 1
MB06 0 1908946061349052647 1
MB06 0 1908945841030853099 1
MB06 0 1908945653834932582 1
MB06 0 1908942921598181670 1
MB06 0 1908942890325189117 1
MB06 0 1908942679213220041 1
MB06 0 1908942571344113671 1
MB06 0 1908942519544520960 1
MB06 0 1908942350552056169 0
MB06 0 1908942173875347937 0
MB06 0 1908941928298672536 0
MB06 0 1908941754440499672 0
MB06 0 1908941496302305743 0
MB06 0 1908941188519895053 0
MB06 0 1908941018981933390 0
MB06 0 1908939922813473015 0
MB06 0 1908939596907372592 0
MB06 0 1908939256044601681 0
MB06 0 1908938664207352301 0
MB06 0 1908935495800811900 0
MB06 0 1908935376397287901 0
MB06 0 1908935373129994582 0
MB06 0 1908935105252405263 0
MB06 0 1908934931293544730 0
MB06 0 1908934687059275852 0
MB06 0 1908934391503421493 0
MB06 0 1908933692786983017 0
MB06 0 1908933359461351443 0
MB06 0 1908933330927575298 0
MB06 0 1908932217163636803 0
MB06 0 1908932027057058170 0
MB06 0 1908931549384352028 0
MB06 0 1908931414029983918 0
MB06 0 1908930779586982359 0
MB06 0 1908928555657928786 0
MB06 0 1908928102635647032 0
MB06 0 1908927694118539462 0
MB06 0 1908926843824066803 0
MB06 0 1908926000412729784 0
MB06 0 1908924838988919159 0
MB06 0 1908924139530076570 0
MB06 0 1908922962675409235 0
MB06 0 1908922219444748581 0
MB06 0 1908921630082171395 0
MB06 0 1908917892193661248 0
MB06 0 1908916952669495719 0
MB06 0 1908916806942675229 0
MB06 0 1908915790557872564 0
MB06 0 1908915683045327258 0
MB06 0 1908915302131245514 0
MB06 0 1908915300134793403 0
MB06 0 1908908391193256229 0
MB06 0 1908907917471818017 0
MB06 0 1908907484007313791 0
MB06 0 1908907359604187211 0
MB06 0 1908907147561140576 0
MB06 0 1908900340696494206 0
MB06 0 1908875867993817512 0
MB06 0 1908857927122755773 0
MB06 0 1908857381754212761 0
MB06 0 1908852482211557545 0
MB06 0 1908852406743449690 0
MB06 0 1908850017688859051 0
MB06 0 1908846210053452043 0
MB06 0 1908837712280572310 0
MB06 0 1908836815886295490 0
MB06 0 1908836026740773352 0
MB06 0 1908835062180626882 0
MB06 0 1908829286972137658 0
MB06 0 1908827017887244755 0
MB06 0 1908820040289583381 0
MB06 0 1908819710059159642 0
MB06 0 1908819172739469538 0
MB06 0 1908818788448923677 0
MB06 0 1908818374085263488 0
MB06 0 1908818162860105923 0
MB06 0 1908817769761517884 0
MB06 0 1908817333357072492 0